walls
1133,782,15,390,1,1,1
935,186,15,390,1,1,1
1195,2,15,390,1,1,1
353,761,15,390,1,1,1
door
50,420,32,52,0,1,0
exit
610,256,14,57,1,0,0
enemies
412,247,70,50,0.184066712442,0.151594128593,0.729267999123,0
300,580,31,62,0.326922843794,0.153361697462,0.159947478832,0
928,777,20,53,0.647167575162,0.749763717871,0.407870462963,1
903,12,33,29,0.216064573586,0.535798192572,0.872061637696,0
608,173,82,14,0.284995345382,0.932079306039,0.429532554073,0
1134,616,40,55,0.0720507392458,0.877260405901,0.727835667363,0
544,492,12,46,0.21042773083,0.236329352699,0.532664652342,1
