walls
174,780,19,332,1,1,1
104,177,19,332,1,1,1
269,734,19,332,1,1,1
993,754,19,332,1,1,1
383,71,19,332,1,1,1
146,752,19,332,1,1,1
439,746,19,332,1,1,1
door
50,420,42,90,0,1,0
exit
1140,458,48,93,1,0,0
enemies
742,142,17,96,0.962155454369,0.608356835488,0.551142746461,0
122,48,74,75,0.229169024738,0.660990633177,0.544277432392,0
257,416,94,47,0.29694067577,0.90868399705,0.750093869463,1
1134,139,5,16,0.922792639303,0.642519899543,0.0646637996065,0
1070,45,11,13,0.420558677079,0.392708651341,0.936336612164,0
912,687,47,21,0.937861758317,0.90091541109,0.992395286241,1
634,416,24,30,0.75073725668,0.449038064345,0.313543202566,1
342,502,83,51,0.296309773152,0.132272923469,0.591176252529,1
