walls
610,549,45,344,1,1,1
811,730,1121,24,1,1,1
198,774,45,344,1,1,1
560,664,45,344,1,1,1
334,23,45,344,1,1,1
door
50,420,14,100,0,1,0
exit
1054,166,49,92,1,0,0
enemies
751,541,28,70,0.555844212667,0.584485764129,0.0325179869833,0
515,419,27,77,0.373682595594,0.529424806852,0.961741402539,1
1152,244,6,84,0.443885644926,0.558573919801,0.227508937035,1
378,795,42,49,0.680177979898,0.0917454559551,0.959162489307,0
373,560,63,43,0.909997966304,0.808166741019,0.694217797607,1
172,418,17,63,0.981534025156,0.88217316873,0.540993693793,0
705,369,6,66,0.420319597205,0.982186426436,0.576357798315,0
