walls
1193,634,1045,44,1,1,1
509,717,50,739,1,1,1
878,765,50,739,1,1,1
689,787,50,739,1,1,1
95,591,50,739,1,1,1
20,580,50,739,1,1,1
1134,685,1045,44,1,1,1
1170,780,1045,44,1,1,1
297,786,50,739,1,1,1
823,778,50,739,1,1,1
door
50,420,11,96,0,1,0
exit
779,580,35,51,1,0,0
enemies
499,146,33,8,0.0673722492809,0.165807987616,0.370658309159,0
646,84,28,24,0.378460296622,0.805890104702,0.912224927681,0
936,56,28,13,0.0777305633266,0.518020674033,0.930514509208,0
1108,597,38,7,0.499795849287,0.800063303626,0.415285289296,1
709,644,89,6,0.512710034278,0.682974032086,0.434488158028,1
672,320,27,84,0.690654422205,0.383796816051,0.651674158871,1
533,325,50,55,0.0174416580799,0.23599244901,0.308258301493,1
1087,418,82,30,0.741310260104,0.422669140305,0.71885353908,0
584,348,85,66,0.715202614836,0.699970967513,0.966741067482,1
167,566,11,35,0.976272432625,0.200647630639,0.339832141913,1
