walls
750,696,18,502,1,1,1
196,126,18,502,1,1,1
478,558,18,502,1,1,1
246,629,18,502,1,1,1
71,490,18,502,1,1,1
220,217,18,502,1,1,1
door
50,420,49,51,0,1,0
exit
824,56,48,74,1,0,0
enemies
558,628,49,24,0.317426523696,0.193847860721,0.686410470699,1
262,328,55,44,0.377621844597,0.407752366295,0.207262632448,0
765,469,42,9,0.858158636392,0.733703180672,0.57399083739,0
580,112,23,95,0.664688257762,0.93524980251,0.609968086802,1
494,503,39,45,0.673028442592,0.44108921267,0.154289784486,1
966,508,59,64,0.933301128649,0.521336432023,0.340469610221,0
883,591,29,51,0.743487036684,0.72164357906,0.328031362248,0
407,640,36,25,0.250433330722,0.663075572326,0.605731518313,0
708,72,100,16,0.769103309972,0.36783306727,0.659570862526,1
