walls
1056,318,16,569,1,1,1
340,639,646,14,1,1,1
395,464,16,569,1,1,1
661,2,646,14,1,1,1
604,753,16,569,1,1,1
1178,772,646,14,1,1,1
492,67,646,14,1,1,1
937,316,16,569,1,1,1
1149,374,16,569,1,1,1
door
50,420,28,98,0,1,0
exit
990,159,11,80,1,0,0
enemies
232,129,27,12,0.882659209611,0.0750647198292,0.741672743388,1
250,91,25,20,0.627297875148,0.388212495731,0.66966548086,1
215,697,39,22,0.0300578850118,0.941509874489,0.0223820093053,1
604,397,55,99,0.974705343902,0.784368586705,0.0730053269925,1
886,584,88,70,0.294300028528,0.912419024832,0.727600088825,1
847,385,27,31,0.301910544318,0.932203386288,0.0688599426225,1
163,362,98,76,0.0411176381948,0.00395620807528,0.140382848931,1
409,157,37,61,0.891074794257,0.6363640938,0.620870366052,0
349,4,78,31,0.275136092962,0.63674417789,0.6805786441,1
927,52,13,13,0.887130724458,0.227733038119,0.923833999492,1
120,455,11,61,0.734988011712,0.370144346614,0.373544329673,1
