walls
879,575,7,93,1,1,1
870,160,438,34,1,1,1
297,117,438,34,1,1,1
272,759,7,93,1,1,1
door
50,420,13,80,0,1,0
exit
967,656,14,60,1,0,0
enemies
622,520,95,33,0.741628184315,0.0460467176083,0.629577777187,1
528,774,86,53,0.848637028754,0.171829357167,0.783225707134,1
784,676,66,83,0.972250922711,0.547405677806,0.833655681258,1
281,632,78,43,0.631802864697,0.0155726864853,0.947099753676,0
1055,664,89,8,0.63924117995,0.64813939259,0.27952632169,0
1189,696,69,40,0.691453975308,0.530287558659,0.389854677555,1
227,80,8,71,0.335770773638,0.644150198093,0.724501375034,1
