walls
769,456,30,558,1,1,1
324,399,681,40,1,1,1
885,476,681,40,1,1,1
780,80,681,40,1,1,1
door
50,420,39,58,0,1,0
exit
698,472,19,61,1,0,0
enemies
690,176,77,45,0.838311008893,0.210647625816,0.276749459787,0
786,38,91,98,0.519896770691,0.30706400765,0.719138994942,1
946,416,7,18,0.737655753396,0.761785508446,0.663963223904,1
462,51,24,73,0.437009709567,0.930682119083,0.819554611155,1
1046,89,66,59,0.162873589894,0.755019395793,0.0902208532733,0
508,221,8,78,0.0626962109801,0.892797653813,0.517797516719,0
863,3,89,71,0.444088657364,0.836528898323,0.83967077445,0
