walls
185,93,1159,16,1,1,1
522,226,1159,16,1,1,1
31,676,1159,16,1,1,1
183,98,48,620,1,1,1
26,718,48,620,1,1,1
912,739,48,620,1,1,1
129,676,1159,16,1,1,1
168,650,1159,16,1,1,1
831,778,1159,16,1,1,1
door
50,420,33,93,0,1,0
exit
1177,528,44,71,1,0,0
enemies
140,242,39,27,0.995152884334,0.830834437792,0.795906386599,0
820,31,44,100,0.17544361396,0.418413948319,0.639617289968,0
796,169,41,11,0.445329853506,0.834701458737,0.931553353961,0
111,620,94,84,0.162422129188,0.801298650667,0.790434258593,1
616,629,58,82,0.124721598382,0.464378044072,0.351236072446,1
259,473,59,70,0.511693712563,0.117510091984,0.926946465545,1
259,640,20,15,0.281371299949,0.959444995598,0.336724128816,1
524,448,20,64,0.727883162977,0.764393066833,0.202229646113,1
576,404,73,71,0.0538547939011,0.0767356770904,0.155494950736,1
